0 0.501563 0.472168 0.137500 0.227539
0 0.347656 0.316895 0.115625 0.133789
0 0.117188 0.443848 0.129688 0.135742
0 0.309766 0.578125 0.136719 0.140625
0 0.257812 0.677734 0.160938 0.173828
0 0.750781 0.542480 0.115625 0.133789
0 0.708984 0.638184 0.121094 0.110352
0 0.464844 0.088379 0.120313 0.153320
0 0.655078 0.173340 0.147656 0.131836
0 0.738281 0.121094 0.090625 0.093750
0 0.818359 0.477539 0.116406 0.117188
0 0.384766 0.942871 0.103906 0.114258
0 0.939844 0.331055 0.120313 0.146484
0 0.287109 0.203125 0.117969 0.140625